0.252 0.332 0.369 0.384 0.409 0.410 0.420 0.430 0.426 0.420 0.412 0.401 0.395 0.395 0.410 0.410 0.418 0.405 0.421 0.411 0.407 0.419 0.405 0.407 0.419 0.427 0.431 0.425 0.430 0.429 0.438 0.435 0.402 0.431 0.440 0.442 0.444 0.445 0.446 0.446 0.447 0.446 0.447 0.447 0.447 0.447 0.447 0.447 0.447 0.447
0.347 0.424 0.439 0.454 0.462 0.474 0.451 0.387 0.457 0.465 0.454 0.479 0.455 0.463 0.451 0.465 0.446 0.464 0.467 0.477 0.447 0.448 0.470 0.457 0.468 0.479 0.476 0.472 0.471 0.483 0.456 0.484 0.491 0.495 0.473 0.483 0.483 0.491 0.485 0.486 0.500 0.503 0.501 0.507 0.507 0.509 0.510 0.510 0.510 0.511
0.412 0.457 0.493 0.499 0.511 0.524 0.497 0.490 0.505 0.481 0.502 0.505 0.483 0.507 0.493 0.501 0.479 0.492 0.515 0.485 0.479 0.501 0.516 0.519 0.518 0.512 0.518 0.523 0.517 0.519 0.515 0.524 0.517 0.522 0.519 0.523 0.518 0.523 0.526 0.519 0.516 0.512 0.516 0.504 0.504 0.503 0.507 0.497 0.504 0.506
0.447 0.498 0.532 0.546 0.551 0.570 0.560 0.547 0.534 0.541 0.548 0.536 0.534 0.499 0.506 0.540 0.542 0.528 0.539 0.539 0.535 0.536 0.541 0.535 0.531 0.530 0.551 0.557 0.548 0.537 0.535 0.524 0.537 0.538 0.546 0.541 0.539 0.553 0.552 0.544 0.544 0.551 0.530 0.539 0.532 0.540 0.547 0.544 0.547 0.554
0.477 0.524 0.548 0.565 0.572 0.570 0.538 0.556 0.562 0.563 0.557 0.550 0.554 0.557 0.554 0.554 0.549 0.561 0.554 0.554 0.558 0.554 0.566 0.550 0.557 0.554 0.543 0.557 0.560 0.574 0.566 0.550 0.562 0.559 0.555 0.567 0.563 0.563 0.565 0.566 0.558 0.552 0.563 0.562 0.552 0.555 0.563 0.556 0.577 0.567
0.485 0.538 0.564 0.566 0.593 0.577 0.569 0.597 0.594 0.588 0.577 0.575 0.569 0.578 0.571 0.561 0.574 0.573 0.565 0.552 0.567 0.574 0.570 0.581 0.588 0.592 0.584 0.582 0.589 0.587 0.582 0.595 0.599 0.597 0.593 0.593 0.602 0.595 0.586 0.593 0.596 0.596 0.589 0.593 0.597 0.591 0.596 0.599 0.600 0.595
0.484 0.537 0.560 0.565 0.560 0.588 0.589 0.579 0.566 0.581 0.587 0.585 0.586 0.583 0.566 0.571 0.594 0.579 0.581 0.588 0.583 0.589 0.580 0.570 0.577 0.580 0.580 0.577 0.568 0.576 0.584 0.583 0.588 0.577 0.581 0.582 0.581 0.588 0.579 0.569 0.579 0.572 0.588 0.577 0.591 0.593 0.590 0.586 0.585 0.594
0.470 0.538 0.551 0.576 0.594 0.593 0.589 0.575 0.592 0.588 0.581 0.586 0.583 0.576 0.565 0.566 0.571 0.577 0.587 0.581 0.572 0.580 0.586 0.580 0.588 0.588 0.576 0.582 0.585 0.583 0.575 0.566 0.573 0.586 0.580 0.581 0.581 0.590 0.589 0.583 0.577 0.590 0.591 0.587 0.588 0.586 0.586 0.590 0.588 0.587
0.481 0.540 0.568 0.580 0.585 0.587 0.572 0.579 0.595 0.573 0.560 0.566 0.581 0.573 0.566 0.569 0.574 0.580 0.584 0.574 0.581 0.584 0.584 0.576 0.577 0.579 0.586 0.579 0.572 0.580 0.583 0.581 0.567 0.582 0.577 0.586 0.588 0.585 0.584 0.588 0.580 0.572 0.581 0.584 0.597 0.585 0.590 0.594 0.596 0.597
0.483 0.531 0.570 0.565 0.588 0.596 0.594 0.593 0.586 0.566 0.575 0.571 0.581 0.575 0.575 0.557 0.581 0.583 0.584 0.569 0.571 0.581 0.567 0.551 0.569 0.577 0.572 0.577 0.586 0.584 0.575 0.567 0.580 0.585 0.583 0.580 0.582 0.578 0.590 0.588 0.585 0.588 0.583 0.587 0.576 0.588 0.585 0.584 0.587 0.587
0.484 0.532 0.563 0.580 0.590 0.598 0.589 0.574 0.579 0.585 0.553 0.572 0.586 0.582 0.557 0.561 0.567 0.565 0.563 0.571 0.557 0.580 0.575 0.572 0.574 0.589 0.575 0.582 0.586 0.583 0.588 0.590 0.584 0.592 0.577 0.569 0.579 0.568 0.578 0.584 0.588 0.587 0.582 0.583 0.576 0.578 0.585 0.587 0.584 0.577
0.487 0.547 0.574 0.585 0.600 0.598 0.590 0.594 0.596 0.594 0.592 0.591 0.583 0.563 0.573 0.566 0.575 0.584 0.581 0.570 0.579 0.578 0.589 0.591 0.599 0.590 0.601 0.588 0.587 0.591 0.583 0.588 0.579 0.579 0.566 0.567 0.587 0.588 0.586 0.589 0.593 0.595 0.590 0.586 0.590 0.592 0.583 0.591 0.596 0.593
0.473 0.542 0.556 0.581 0.598 0.605 0.575 0.584 0.585 0.585 0.585 0.598 0.590 0.575 0.572 0.576 0.590 0.584 0.573 0.567 0.580 0.585 0.583 0.574 0.583 0.585 0.583 0.583 0.574 0.581 0.581 0.574 0.574 0.583 0.581 0.589 0.586 0.590 0.594 0.587 0.586 0.590 0.587 0.583 0.582 0.583 0.576 0.586 0.591 0.586
0.480 0.536 0.569 0.585 0.582 0.594 0.595 0.600 0.584 0.587 0.594 0.573 0.569 0.570 0.580 0.543 0.566 0.581 0.572 0.571 0.565 0.568 0.587 0.590 0.586 0.589 0.573 0.589 0.582 0.584 0.579 0.583 0.577 0.576 0.589 0.598 0.592 0.591 0.592 0.590 0.587 0.588 0.591 0.589 0.592 0.590 0.589 0.585 0.597 0.582
0.488 0.555 0.556 0.578 0.586 0.585 0.584 0.582 0.564 0.575 0.573 0.579 0.591 0.583 0.580 0.552 0.576 0.573 0.566 0.565 0.585 0.580 0.568 0.567 0.573 0.584 0.588 0.591 0.583 0.583 0.589 0.583 0.587 0.585 0.584 0.569 0.572 0.573 0.576 0.587 0.580 0.587 0.587 0.587 0.586 0.597 0.586 0.587 0.600 0.586
0.481 0.539 0.568 0.579 0.587 0.580 0.590 0.585 0.591 0.590 0.586 0.584 0.586 0.569 0.577 0.588 0.571 0.563 0.576 0.583 0.574 0.584 0.583 0.589 0.587 0.584 0.601 0.593 0.598 0.585 0.583 0.582 0.588 0.585 0.587 0.586 0.596 0.589 0.601 0.610 0.606 0.601 0.596 0.599 0.598 0.598 0.595 0.589 0.589 0.596
0.489 0.534 0.576 0.572 0.593 0.598 0.588 0.586 0.598 0.583 0.596 0.585 0.578 0.584 0.583 0.575 0.585 0.576 0.586 0.578 0.568 0.584 0.587 0.586 0.589 0.589 0.593 0.589 0.584 0.591 0.596 0.600 0.598 0.590 0.595 0.592 0.583 0.598 0.588 0.594 0.595 0.589 0.586 0.592 0.593 0.594 0.587 0.597 0.602 0.602
0.477 0.539 0.556 0.580 0.577 0.598 0.594 0.591 0.589 0.582 0.592 0.595 0.598 0.595 0.574 0.579 0.578 0.583 0.570 0.580 0.593 0.589 0.569 0.588 0.598 0.593 0.587 0.593 0.597 0.594 0.601 0.592 0.594 0.584 0.592 0.585 0.598 0.593 0.586 0.592 0.602 0.603 0.599 0.603 0.604 0.599 0.594 0.599 0.603 0.606
0.486 0.540 0.562 0.580 0.591 0.586 0.575 0.580 0.575 0.579 0.570 0.571 0.582 0.588 0.595 0.584 0.581 0.568 0.567 0.566 0.578 0.576 0.573 0.570 0.572 0.580 0.577 0.578 0.580 0.585 0.579 0.581 0.581 0.586 0.581 0.573 0.576 0.583 0.590 0.587 0.586 0.579 0.582 0.580 0.587 0.590 0.598 0.593 0.592 0.595
