0.105 0.177 0.253 0.219 0.278 0.315 0.328 0.326 0.332 0.350 0.344 0.358 0.375 0.363 0.391 0.402 0.413 0.411 0.401 0.407 0.420 0.414 0.422 0.413 0.452 0.436 0.467 0.458 0.467 0.471 0.469 0.465 0.461 0.473 0.478 0.472 0.462 0.472 0.479 0.466 0.495 0.487 0.496 0.487 0.472 0.487 0.512 0.501 0.498 0.495
0.195 0.267 0.304 0.357 0.385 0.396 0.420 0.400 0.413 0.463 0.499 0.498 0.502 0.524 0.526 0.516 0.527 0.540 0.549 0.558 0.548 0.550 0.561 0.554 0.538 0.549 0.571 0.579 0.582 0.569 0.567 0.574 0.590 0.577 0.575 0.577 0.587 0.595 0.590 0.588 0.592 0.603 0.600 0.604 0.611 0.612 0.602 0.608 0.610 0.596
0.286 0.352 0.397 0.450 0.474 0.485 0.497 0.512 0.532 0.541 0.538 0.557 0.560 0.574 0.586 0.594 0.603 0.607 0.604 0.594 0.596 0.596 0.600 0.599 0.608 0.607 0.620 0.624 0.632 0.637 0.641 0.636 0.631 0.632 0.629 0.623 0.626 0.622 0.628 0.638 0.641 0.639 0.629 0.629 0.628 0.631 0.618 0.609 0.624 0.631
0.334 0.402 0.490 0.514 0.535 0.561 0.579 0.598 0.613 0.614 0.613 0.610 0.629 0.633 0.633 0.633 0.638 0.650 0.659 0.665 0.669 0.670 0.678 0.675 0.680 0.684 0.682 0.682 0.677 0.676 0.677 0.679 0.684 0.683 0.689 0.685 0.674 0.668 0.677 0.666 0.650 0.663 0.663 0.668 0.668 0.652 0.655 0.667 0.673 0.673
0.374 0.464 0.506 0.550 0.581 0.596 0.600 0.600 0.626 0.631 0.647 0.653 0.646 0.659 0.673 0.676 0.674 0.674 0.673 0.689 0.692 0.695 0.699 0.704 0.706 0.702 0.695 0.683 0.690 0.709 0.686 0.691 0.697 0.702 0.691 0.679 0.691 0.686 0.697 0.700 0.695 0.698 0.686 0.693 0.698 0.707 0.708 0.696 0.687 0.699
0.396 0.490 0.540 0.581 0.609 0.626 0.638 0.659 0.671 0.681 0.689 0.696 0.705 0.709 0.698 0.701 0.698 0.700 0.706 0.717 0.721 0.722 0.727 0.723 0.715 0.708 0.711 0.701 0.700 0.700 0.713 0.721 0.729 0.739 0.727 0.717 0.715 0.715 0.716 0.721 0.733 0.728 0.713 0.707 0.727 0.717 0.716 0.697 0.714 0.724
0.444 0.529 0.557 0.591 0.616 0.637 0.650 0.655 0.660 0.666 0.678 0.696 0.700 0.709 0.705 0.708 0.716 0.719 0.725 0.725 0.728 0.725 0.733 0.725 0.722 0.719 0.706 0.695 0.709 0.714 0.708 0.708 0.710 0.715 0.695 0.709 0.709 0.727 0.726 0.726 0.730 0.703 0.699 0.726 0.724 0.725 0.713 0.720 0.712 0.714
0.412 0.510 0.539 0.585 0.608 0.625 0.641 0.656 0.664 0.671 0.682 0.687 0.697 0.702 0.701 0.700 0.696 0.692 0.689 0.699 0.708 0.714 0.715 0.710 0.704 0.696 0.691 0.696 0.705 0.714 0.722 0.719 0.709 0.712 0.712 0.703 0.698 0.703 0.707 0.709 0.716 0.713 0.714 0.712 0.700 0.697 0.698 0.704 0.705 0.700
0.437 0.492 0.541 0.597 0.622 0.625 0.648 0.650 0.656 0.664 0.680 0.686 0.687 0.687 0.696 0.701 0.703 0.712 0.715 0.722 0.722 0.723 0.719 0.718 0.721 0.719 0.717 0.712 0.712 0.707 0.711 0.706 0.701 0.710 0.716 0.721 0.720 0.726 0.716 0.715 0.709 0.715 0.711 0.732 0.717 0.721 0.716 0.715 0.725 0.720
0.433 0.500 0.549 0.586 0.613 0.621 0.642 0.653 0.667 0.668 0.667 0.674 0.684 0.687 0.694 0.702 0.706 0.715 0.720 0.729 0.729 0.735 0.730 0.730 0.726 0.728 0.736 0.725 0.713 0.700 0.693 0.692 0.701 0.709 0.711 0.721 0.722 0.723 0.732 0.728 0.722 0.724 0.718 0.725 0.721 0.714 0.716 0.710 0.705 0.703
0.417 0.522 0.574 0.593 0.620 0.639 0.651 0.656 0.667 0.666 0.682 0.685 0.696 0.704 0.705 0.707 0.708 0.706 0.711 0.715 0.716 0.718 0.715 0.717 0.719 0.717 0.717 0.695 0.685 0.679 0.703 0.719 0.722 0.714 0.719 0.708 0.706 0.696 0.711 0.716 0.710 0.703 0.733 0.731 0.728 0.726 0.713 0.715 0.715 0.699
0.401 0.472 0.556 0.573 0.614 0.626 0.651 0.661 0.668 0.679 0.676 0.672 0.678 0.692 0.702 0.708 0.709 0.704 0.715 0.718 0.717 0.722 0.727 0.732 0.727 0.719 0.698 0.684 0.690 0.707 0.718 0.724 0.728 0.722 0.711 0.724 0.718 0.719 0.708 0.710 0.709 0.707 0.724 0.721 0.724 0.713 0.712 0.700 0.694 0.710
0.415 0.512 0.559 0.582 0.618 0.630 0.647 0.658 0.666 0.672 0.689 0.694 0.696 0.701 0.703 0.705 0.707 0.710 0.719 0.727 0.718 0.725 0.724 0.722 0.722 0.728 0.729 0.726 0.711 0.698 0.713 0.717 0.717 0.725 0.729 0.725 0.732 0.720 0.702 0.713 0.726 0.727 0.708 0.708 0.712 0.712 0.732 0.729 0.721 0.719
0.428 0.503 0.553 0.588 0.623 0.633 0.649 0.662 0.675 0.685 0.697 0.699 0.699 0.709 0.708 0.705 0.708 0.711 0.722 0.724 0.719 0.723 0.728 0.732 0.738 0.727 0.705 0.700 0.705 0.718 0.726 0.724 0.726 0.732 0.732 0.723 0.719 0.717 0.723 0.724 0.716 0.718 0.725 0.730 0.726 0.713 0.720 0.726 0.717 0.716
0.429 0.487 0.533 0.577 0.610 0.631 0.645 0.655 0.673 0.685 0.679 0.679 0.690 0.700 0.698 0.705 0.706 0.709 0.713 0.716 0.720 0.721 0.720 0.723 0.733 0.735 0.730 0.714 0.704 0.699 0.708 0.721 0.727 0.727 0.713 0.704 0.704 0.710 0.720 0.710 0.700 0.678 0.683 0.715 0.720 0.717 0.717 0.694 0.692 0.704
0.415 0.504 0.529 0.567 0.610 0.612 0.639 0.641 0.660 0.663 0.675 0.679 0.694 0.702 0.701 0.708 0.711 0.716 0.715 0.721 0.724 0.726 0.735 0.735 0.728 0.714 0.703 0.699 0.711 0.708 0.708 0.717 0.726 0.727 0.724 0.724 0.717 0.703 0.712 0.713 0.699 0.705 0.714 0.719 0.708 0.697 0.710 0.717 0.696 0.695
0.426 0.476 0.545 0.594 0.621 0.635 0.644 0.646 0.657 0.667 0.677 0.688 0.700 0.698 0.705 0.703 0.698 0.703 0.706 0.709 0.706 0.714 0.712 0.715 0.721 0.708 0.698 0.674 0.687 0.700 0.706 0.710 0.704 0.714 0.713 0.723 0.714 0.705 0.715 0.707 0.703 0.700 0.705 0.711 0.707 0.717 0.704 0.686 0.694 0.700
0.412 0.506 0.561 0.598 0.608 0.611 0.639 0.652 0.668 0.673 0.676 0.686 0.696 0.703 0.704 0.697 0.696 0.705 0.707 0.712 0.722 0.730 0.735 0.731 0.731 0.728 0.718 0.714 0.715 0.716 0.717 0.719 0.718 0.720 0.723 0.719 0.714 0.723 0.702 0.717 0.711 0.728 0.724 0.715 0.692 0.714 0.728 0.723 0.725 0.714
0.415 0.487 0.533 0.596 0.611 0.611 0.642 0.653 0.665 0.670 0.676 0.688 0.700 0.709 0.705 0.705 0.707 0.704 0.717 0.723 0.726 0.728 0.731 0.728 0.716 0.714 0.713 0.718 0.719 0.716 0.724 0.723 0.712 0.714 0.721 0.721 0.729 0.720 0.722 0.720 0.721 0.726 0.731 0.719 0.703 0.733 0.733 0.728 0.735 0.728
